7 3
7 1
7 1
7 2
7 0
7 0
7 1
7 2
7 1
7 1
7 0
7 0
7 0
7 0
7 1
7 0
7 0
7 0
7 1
7 0
7 0
7 0
7 0
7 0
7 1
7 0
7 0
7 0
7 2
7 0
7 1
7 0
7 2
7 1
7 1
7 1
7 1
7 0
7 0
7 0
7 1
7 1
7 2
7 1
7 0
7 0
7 0
7 1
7 3
7 0
7 1
7 0
7 0
7 4
7 2
7 1
7 1
7 0
7 2
7 0
7 1
7 0
7 1
7 0
7 0
7 1
7 0
7 0
7 1
7 0
7 1
7 1
7 1
7 0
7 0
7 0
7 0
7 0
7 2
7 0
7 1
7 0
7 1
7 1
7 0
7 1
7 1
7 1
7 0
7 0
7 0
7 0
7 1
7 0
7 0
7 1
7 0
7 0
7 0
7 0
