8 0
8 1
8 0
8 1
8 1
8 0
8 0
8 2
8 0
8 0
8 0
8 0
8 0
8 1
8 0
8 0
8 0
8 0
8 0
8 0
8 0
8 0
8 0
8 1
8 1
8 1
8 1
8 1
8 1
8 1
8 0
8 0
8 2
8 1
8 1
8 0
8 1
8 0
8 0
8 1
8 1
8 0
8 0
8 3
8 0
8 0
8 0
8 2
8 0
8 2
8 2
8 1
8 1
8 1
8 3
8 1
8 1
8 1
8 1
8 1
8 0
8 0
8 0
8 1
8 0
8 0
8 0
8 0
8 0
8 2
8 0
8 1
8 1
8 0
8 1
8 1
8 0
8 0
8 0
8 0
8 0
8 0
8 0
8 0
8 0
8 1
8 0
8 0
8 1
8 1
8 0
8 2
8 2
8 2
8 2
8 0
8 0
8 1
8 0
8 0
