6 3
6 2
6 1
6 1
6 1
6 0
6 1
6 0
6 0
6 0
6 0
6 0
6 1
6 0
6 1
6 0
6 0
6 2
6 2
6 0
6 0
6 0
6 1
6 0
6 0
6 1
6 1
6 0
6 1
6 0
6 1
6 0
6 0
6 1
6 0
6 0
6 0
6 0
6 0
6 0
6 0
6 1
6 1
6 1
6 0
6 1
6 1
6 1
6 2
6 0
6 2
6 0
6 0
6 1
6 2
6 1
6 2
6 1
6 1
6 1
6 1
6 0
6 0
6 0
6 1
6 0
6 0
6 0
6 0
6 0
6 1
6 1
6 0
6 1
6 0
6 1
6 0
6 1
6 0
6 0
6 1
6 0
6 2
6 1
6 1
6 2
6 1
6 0
6 2
6 1
6 0
6 2
6 1
6 0
6 1
6 0
6 2
6 1
6 0
6 0
