14 0
14 1
14 0
14 0
14 1
14 0
14 2
14 0
14 1
14 0
14 0
14 0
14 1
14 1
14 0
14 2
14 0
14 0
14 2
14 2
14 1
14 0
14 0
14 1
14 0
14 0
14 1
14 1
14 0
14 0
14 0
14 2
14 0
14 1
14 2
14 0
14 1
14 0
14 1
14 1
14 1
14 0
14 0
14 0
14 1
14 1
14 0
14 0
14 0
14 1
14 0
14 0
14 0
14 1
14 2
14 1
14 0
14 0
14 0
14 1
14 0
14 0
14 0
14 0
14 0
14 0
14 0
14 0
14 0
14 1
14 0
14 1
14 0
14 0
14 0
14 0
14 0
14 0
14 0
14 0
14 0
14 0
14 3
14 0
14 0
14 1
14 0
14 1
14 0
14 1
14 2
14 1
14 0
14 0
14 1
14 1
14 1
14 2
14 0
14 1
