8 7
8 7
8 8
8 5
8 10
8 5
8 11
8 11
8 9
8 11
8 7
8 10
8 10
8 7
8 10
8 6
8 12
8 19
8 14
8 11
8 10
8 11
8 17
8 7
8 8
8 8
8 9
8 13
8 12
8 14
8 9
8 9
8 16
8 6
8 12
8 8
8 15
8 10
8 9
8 11
8 10
8 15
8 5
8 7
8 7
8 17
8 7
8 11
8 14
8 8
8 12
8 11
8 15
8 14
8 7
8 8
8 14
8 12
8 9
8 10
8 12
8 11
8 8
8 5
8 10
8 14
8 12
8 7
8 9
8 10
8 9
8 12
8 9
8 11
8 10
8 10
8 9
8 9
8 11
8 8
8 7
8 4
8 10
8 7
8 9
8 13
8 17
8 14
8 13
8 9
8 10
8 15
8 10
8 17
8 9
8 14
8 9
8 10
8 7
8 11
