5 10
5 10
5 7
5 10
5 8
5 5
5 11
5 9
5 9
5 10
5 6
5 7
5 11
5 9
5 10
5 12
5 4
5 7
5 11
5 6
5 9
5 13
5 11
5 13
5 15
5 15
5 11
5 17
5 11
5 14
5 8
5 9
5 10
5 10
5 10
5 11
5 9
5 11
5 11
5 11
5 8
5 15
5 6
5 15
5 14
5 8
5 11
5 15
5 13
5 14
5 8
5 6
5 11
5 8
5 12
5 13
5 10
5 9
5 7
5 8
5 15
5 13
5 17
5 12
5 11
5 13
5 5
5 13
5 10
5 11
5 6
5 10
5 9
5 11
5 14
5 11
5 13
5 11
5 14
5 7
5 12
5 12
5 8
5 22
5 9
5 10
5 9
5 6
5 11
5 12
5 6
5 12
5 7
5 6
5 12
5 1
5 11
5 6
5 13
5 19
