13 12
13 11
13 9
13 12
13 13
13 4
13 12
13 10
13 12
13 11
13 9
13 13
13 10
13 18
13 15
13 15
13 11
13 9
13 10
13 9
13 11
13 9
13 13
13 6
13 11
13 12
13 4
13 17
13 11
13 11
13 8
13 17
13 14
13 6
13 9
13 14
13 14
13 14
13 8
13 10
13 13
13 6
13 9
13 13
13 9
13 10
13 14
13 13
13 9
13 8
13 13
13 6
13 8
13 12
13 10
13 7
13 10
13 7
13 8
13 18
13 13
13 13
13 16
13 13
13 9
13 8
13 12
13 8
13 12
13 15
13 9
13 13
13 10
13 8
13 10
13 6
13 11
13 9
13 9
13 9
13 13
13 11
13 6
13 15
13 11
13 7
13 11
13 10
13 12
13 7
13 9
13 7
13 10
13 11
13 9
13 7
13 5
13 11
13 14
13 8
