11 13
11 10
11 13
11 11
11 10
11 5
11 11
11 8
11 10
11 12
11 13
11 10
11 10
11 9
11 8
11 6
11 14
11 4
11 7
11 14
11 10
11 15
11 10
11 8
11 11
11 13
11 11
11 6
11 7
11 8
11 8
11 3
11 9
11 7
11 7
11 12
11 16
11 7
11 9
11 10
11 8
11 7
11 8
11 11
11 11
11 10
11 12
11 15
11 10
11 12
11 14
11 8
11 9
11 11
11 12
11 11
11 8
11 8
11 10
11 9
11 4
11 9
11 8
11 11
11 5
11 14
11 7
11 11
11 10
11 9
11 8
11 10
11 13
11 14
11 13
11 8
11 7
11 7
11 9
11 12
11 4
11 7
11 10
11 5
11 7
11 5
11 12
11 7
11 14
11 7
11 12
11 18
11 16
11 9
11 10
11 7
11 11
11 13
11 9
11 17
