7 8
7 7
7 9
7 7
7 8
7 10
7 11
7 4
7 6
7 11
7 12
7 6
7 11
7 6
7 11
7 6
7 8
7 7
7 10
7 10
7 10
7 9
7 13
7 16
7 19
7 8
7 8
7 12
7 9
7 11
7 10
7 8
7 9
7 12
7 11
7 8
7 6
7 10
7 9
7 9
7 14
7 9
7 9
7 9
7 9
7 10
7 10
7 9
7 11
7 16
7 14
7 12
7 12
7 11
7 11
7 15
7 7
7 10
7 12
7 8
7 14
7 15
7 13
7 19
7 8
7 9
7 6
7 11
7 12
7 11
7 12
7 9
7 11
7 10
7 10
7 5
7 11
7 15
7 14
7 15
7 7
7 16
7 16
7 5
7 10
7 9
7 11
7 10
7 10
7 12
7 14
7 4
7 13
7 8
7 14
7 8
7 6
7 2
7 11
7 13
