4 16
4 9
4 11
4 10
4 11
4 10
4 10
4 8
4 13
4 6
4 9
4 10
4 6
4 11
4 11
4 10
4 11
4 12
4 13
4 12
4 16
4 11
4 6
4 10
4 8
4 9
4 7
4 13
4 3
4 2
4 14
4 14
4 12
4 6
4 9
4 12
4 11
4 8
4 17
4 14
4 11
4 15
4 10
4 12
4 7
4 5
4 13
4 10
4 11
4 8
4 12
4 8
4 17
4 15
4 6
4 6
4 12
4 6
4 12
4 13
4 8
4 9
4 10
4 10
4 8
4 9
4 9
4 14
4 11
4 14
4 13
4 13
4 7
4 10
4 9
4 13
4 8
4 4
4 16
4 15
4 5
4 10
4 7
4 7
4 10
4 5
4 9
4 11
4 10
4 9
4 9
4 20
4 6
4 11
4 8
4 11
4 8
4 9
4 10
4 12
