12 8
12 11
12 11
12 12
12 12
12 8
12 5
12 12
12 10
12 9
12 12
12 9
12 9
12 5
12 11
12 7
12 16
12 6
12 6
12 12
12 10
12 8
12 14
12 14
12 11
12 17
12 18
12 8
12 10
12 9
12 10
12 17
12 12
12 11
12 2
12 13
12 9
12 8
12 15
12 15
12 15
12 5
12 6
12 8
12 7
12 11
12 6
12 9
12 6
12 12
12 1
12 13
12 10
12 4
12 7
12 12
12 10
12 12
12 12
12 7
12 17
12 9
12 7
12 11
12 9
12 11
12 13
12 16
12 10
12 7
12 15
12 21
12 9
12 11
12 17
12 9
12 10
12 6
12 10
12 7
12 5
12 12
12 8
12 7
12 12
12 12
12 13
12 10
12 5
12 15
12 13
12 10
12 8
12 12
12 6
12 8
12 13
12 8
12 11
12 9
