2 8
2 6
2 7
2 9
2 5
2 8
2 8
2 7
2 12
2 13
2 11
2 5
2 11
2 10
2 13
2 17
2 11
2 4
2 11
2 13
2 9
2 15
2 14
2 12
2 3
2 9
2 13
2 8
2 15
2 12
2 7
2 9
2 12
2 8
2 18
2 5
2 15
2 13
2 9
2 9
2 10
2 9
2 8
2 10
2 9
2 7
2 12
2 7
2 10
2 16
2 13
2 11
2 7
2 7
2 12
2 11
2 10
2 11
2 13
2 7
2 10
2 8
2 8
2 10
2 9
2 10
2 9
2 6
2 12
2 6
2 9
2 10
2 17
2 12
2 5
2 4
2 8
2 8
2 11
2 9
2 12
2 11
2 10
2 15
2 11
2 13
2 12
2 6
2 10
2 8
2 6
2 7
2 12
2 6
2 11
2 15
2 13
2 14
2 11
2 15
