10 11
10 10
10 14
10 3
10 13
10 9
10 15
10 12
10 12
10 11
10 13
10 8
10 9
10 8
10 9
10 8
10 9
10 10
10 9
10 6
10 8
10 12
10 7
10 7
10 8
10 5
10 12
10 10
10 11
10 14
10 13
10 6
10 10
10 8
10 10
10 8
10 10
10 13
10 15
10 11
10 8
10 13
10 10
10 7
10 13
10 4
10 8
10 9
10 9
10 8
10 11
10 10
10 14
10 9
10 10
10 11
10 15
10 6
10 10
10 10
10 8
10 5
10 8
10 12
10 11
10 13
10 10
10 13
10 13
10 18
10 10
10 10
10 12
10 5
10 6
10 9
10 7
10 9
10 9
10 14
10 10
10 12
10 8
10 8
10 8
10 9
10 12
10 15
10 10
10 6
10 12
10 4
10 9
10 10
10 9
10 14
10 13
10 8
10 6
10 10
