14 7
14 21
14 9
14 10
14 18
14 7
14 8
14 8
14 8
14 15
14 6
14 9
14 13
14 13
14 11
14 8
14 7
14 8
14 11
14 6
14 8
14 16
14 9
14 10
14 9
14 14
14 9
14 10
14 16
14 17
14 6
14 7
14 13
14 9
14 10
14 12
14 12
14 14
14 5
14 7
14 10
14 10
14 7
14 6
14 8
14 10
14 9
14 11
14 8
14 11
14 8
14 5
14 9
14 15
14 11
14 13
14 9
14 10
14 10
14 10
14 9
14 8
14 7
14 6
14 9
14 9
14 10
14 15
14 12
14 12
14 9
14 10
14 11
14 14
14 10
14 9
14 7
14 9
14 5
14 13
14 12
14 7
14 9
14 12
14 16
14 7
14 8
14 10
14 12
14 17
14 10
14 12
14 11
14 6
14 11
14 11
14 8
14 11
14 13
14 13
